>MA0003.1 TFAP2A
A  [  0   0   0  22  19  55  53  19   9 ]
C  [  0 185 185  71  57  44  30  16  78 ]
G  [185   0   0  46  61  67  91 137  79 ]
T  [  0   0   0  46  48  19  11  13  19 ]
>MA0004.1 Arnt
A  [ 4 19  0  0  0  0 ]
C  [16  0 20  0  0  0 ]
G  [ 0  1  0 20  0 20 ]
T  [ 0  0  0  0 20  0 ]
>MA0006.1 Arnt::Ahr
A  [ 3  0  0  0  0  0 ]
C  [ 8  0 23  0  0  0 ]
G  [ 2 23  0 23  0 24 ]
T  [11  1  1  1 24  0 ]
>MA0007.1 Ar
A  [ 9  9 11 16  0 12 21  0 15  4  5  6  3  0  4 11  1  3  6  6 10  5 ]
C  [ 7  2  3  1  0  6  2 24  0  9 11  9  5  0  0  5 22 16  7  5 11 11 ]
G  [ 2  3  3  7 22  1  0  0  8  2  2  9  1 24  0  1  1  1  5  9  0  6 ]
T  [ 6 10  7  0  2  5  1  0  1  9  6  0 15  0 20  7  0  4  6  4  3  2 ]
>MA0009.1 T
A  [ 2  1 40  0  0  0  0  0  1 40 31 ]
C  [28  1  0  0  0  0  0  2  7  0  5 ]
G  [ 8  0  0 40 40  0 40  0 28  0  0 ]
T  [ 2 38  0  0  0 40  0 38  4  0  4 ]
>MA0014.1 Pax5
A  [ 4  4  4  1  2  7  2  0  1  6  6  0  2  3  1  6  5  2  2  5 ]
C  [ 1  0  3  2  7  2  5  3  2  1  0  0  8  0  0  1  1 10  5  0 ]
G  [ 4  8  3  5  1  1  3  2  8  3  2 12  1  9  4  5  5  0  5  6 ]
T  [ 3  0  2  4  2  2  2  7  1  2  4  0  1  0  7  0  1  0  0  1 ]
>MA0017.1 NR2F1
A  [ 0  1 12  6  0  0  0  1  2  6  6  1  3  0 ]
C  [ 0  0  0  7 13  3  2  0  0  4  5 10  6  3 ]
G  [ 2 12  1  0  0  0  0  0 11  3  1  1  0  3 ]
T  [11  0  0  0  0 10 11 12  0  0  1  1  4  7 ]
>MA0019.1 Ddit3::Cebpa
A  [14 11 18  0  0  4 38 36  0 14  4  0 ]
C  [ 7  7  3  1  0 33  1  2  6 17 23 26 ]
G  [12 14 15  0 38  0  0  1  0  5  9  6 ]
T  [ 6  7  3 38  1  2  0  0 33  3  3  7 ]
>MA0024.1 E2F1
A  [ 0  0  0  0  0  0  0  0 ]
C  [ 0  0  0  4  2 10  0  9 ]
G  [ 0  0  0  6  8  0 10  1 ]
T  [10 10 10  0  0  0  0  0 ]
>MA0025.1 NFIL3
A  [ 1  0 22  0  2  0 23 22  0  7  5 ]
C  [ 0  0  0  8  0  0  0  0 11  5  5 ]
G  [ 0  2  0  0 21  0  0  1  4  7  3 ]
T  [22 21  1 15  0 23  0  0  8  4 10 ]
>MA0027.1 En1
A  [4 5 3 0 4 3 3 2 1 1 1 ]
C  [1 2 0 0 0 0 0 1 3 4 6 ]
G  [2 2 7 2 3 7 0 4 3 1 1 ]
T  [3 1 0 8 3 0 7 3 3 4 2 ]
>MA0028.1 ELK1
A  [ 7 10  9  5  2  0  1 27 21 13 ]
C  [ 7  6  4 19 24  0  0  0  5  0 ]
G  [10  6 10  1  1 24 27  1  0 14 ]
T  [ 4  6  5  3  1  4  0  0  2  1 ]
>MA0029.1 Evi1
A  [14 20  0 27  1 27 26  0 27  0 24 23  6 15 ]
C  [ 2  1  1  0 10  0  0  0  0  3  1  0  7  6 ]
G  [ 6  2 25  0  0  0  1 27  0  0  0  4  7  3 ]
T  [ 5  4  1  0 16  0  0  0  0 24  2  0  7  3 ]
>MA0030.1 FOXF2
A  [ 1 10 17 13  3  7  0 27 27 27  0 27 16  7 ]
C  [10  7  4  5 11  0  0  0  0  0 25  0  4  4 ]
G  [ 7  5  2  5  8 20  0  0  0  0  0  0  2  6 ]
T  [ 9  5  4  5  0  0 27  0  0  0  2  0  5 10 ]
>MA0031.1 FOXD1
A  [ 1  0 19 20 18  1 20  7 ]
C  [ 1  0  1  0  1 18  0  2 ]
G  [17  0  0  0  1  0  0  3 ]
T  [ 1 20  0  0  0  1  0  8 ]
>MA0032.1 FOXC1
A  [ 4  2  4  6  7  0  0 16 ]
C  [ 4  5  4  4  3  0  0  0 ]
G  [ 5  6  3  5  2 16  0  0 ]
T  [ 3  3  5  1  4  0 16  0 ]
>MA0033.1 FOXL1
A  [ 7 10  6 13  4 21  0 22 ]
C  [ 1  4  3  4 10  0  2  1 ]
G  [ 4  2  6  4  2  2  0  0 ]
T  [11  7  8  2  7  0 21  0 ]
>MA0036.1 GATA2
A  [13  0 52  0 25 ]
C  [13  5  0  0  7 ]
G  [18 48  1  0 15 ]
T  [ 9  0  0 53  6 ]
>MA0037.1 GATA3
A  [25  0 61  0 39 15 ]
C  [14  1  0  0  1  3 ]
G  [ 4 62  1  5  4 37 ]
T  [20  0  1 58 19  8 ]
>MA0038.1 Gfi
A  [ 9 28 53 53  1  1 31  8 19  7 ]
C  [20 16  0  0  0 52  7 28 11 13 ]
G  [ 9  7  0  0  1  0  2 11  2 28 ]
T  [15  2  0  0 51  0 13  6 21  5 ]
>MA0040.1 Foxq1
A  [ 4 13  5  3  0  0  0  0 17  0  6 ]
C  [ 4  1  2  0  0  0  0  0  0  1  0 ]
G  [ 3  3  0  0 18  0  0  0  1  4  3 ]
T  [ 7  1 11 15  0 18 18 18  0 13  9 ]
>MA0041.1 Foxd3
A  [11 30 24  1 12  0  1  5 14  6  1  0 ]
C  [ 3  2  1  4  0  0  0  0  0  7  2 12 ]
G  [26  0  0  0 34  0  0 10 21  0  4  0 ]
T  [ 7 15 22 42  1 47 46 32 12 34 40 35 ]
>MA0042.1 FOXI1
A  [ 6  4 11  0 13  0  0  0 15  0  8  2 ]
C  [ 1  8  4  0  0  0  0  0  0  0  1  1 ]
G  [14 12  8  0 18  0  0  0 16  7  4  4 ]
T  [10  7  8 31  0 31 31 31  0 24 18 24 ]
>MA0043.1 HLF
A  [ 1  6  1  0 13  0  6  0 13 15  2  5 ]
C  [ 4  0  0  0  1 15  0  9  4  0  3  5 ]
G  [ 8 12  0  3  2  1 12  0  1  1  1  3 ]
T  [ 5  0 17 15  2  2  0  9  0  2 12  5 ]
>MA0046.1 HNF1A
A  [ 5  1  1  1 20 16  1  8 14  2  0 13  8  5 ]
C  [ 0  0  0  0  0  2  0  2  0  0  4  1  8 13 ]
G  [14 20  0  0  0  1  0  4  1  0  0  3  3  0 ]
T  [ 2  0 20 20  1  2 20  7  6 19 17  4  2  3 ]
>MA0048.1 NHLH1
A  [13 13  3  1 54  1  1  1  0  3  2  5 ]
C  [13 39  5 53  0  1 50  1  0 37  0 17 ]
G  [17  2 37  0  0 52  3  0 53  8 37 12 ]
T  [11  0  9  0  0  0  0 52  1  6 15 20 ]
>MA0050.1 IRF1
A  [ 6 19 19 20  5  0  1 20 19 20  1  1 ]
C  [ 4  0  0  0  3 10  1  0  1  0 13 13 ]
G  [10  1  0  0 11  0 18  0  0  0  6  1 ]
T  [ 0  0  1  0  1 10  0  0  0  0  0  5 ]
>MA0051.1 IRF2
A  [ 0  2 12 11 12  2  0  0 12 12 12  0  0  5  6  6  5  3 ]
C  [ 4  0  0  0  0  0  6  0  0  0  0  6  7  2  0  1  2  6 ]
G  [ 7 10  0  0  0 10  0 12  0  0  0  6  2  3  2  1  1  1 ]
T  [ 1  0  0  1  0  0  6  0  0  0  0  0  3  2  4  4  4  2 ]
>MA0052.1 MEF2A
A  [ 1  0 57  2  9  6 37  2 56  6 ]
C  [50  0  1  1  0  0  0  0  0  0 ]
G  [ 0  0  0  0  0  0  0  0  2 50 ]
T  [ 7 58  0 55 49 52 21 56  0  2 ]
>MA0055.1 Myf
A  [ 7  9  4  0 16  7  0  6  0  0  6  0 ]
C  [ 8  0  2 15  0  0 15  0  0 10  0  0 ]
G  [ 1  7 10  1  0  9  1  0 16  6  0 16 ]
T  [ 0  0  0  0  0  0  0 10  0  0 10  0 ]
>MA0056.1 MZF1_1-4
A  [ 3  0  2  0  0 18 ]
C  [ 5  0  0  0  0  0 ]
G  [ 4 19 18 19 20  2 ]
T  [ 8  1  0  1  0  0 ]
>MA0057.1 MZF1_5-13
A  [ 1  2 15  0  0  0  0  3 10  8 ]
C  [ 4  0  1  0  0  2  0  1  0  2 ]
G  [ 7  7  0 11 15 14 14  8  4  4 ]
T  [ 4  7  0  5  1  0  2  4  2  2 ]
>MA0058.1 MAX
A  [ 6 11  5  0 16  0  1  0  0  6 ]
C  [ 1  1  7 17  1 17  0  0  0  3 ]
G  [ 6  5  1  0  0  0 16  0 17  5 ]
T  [ 4  0  4  0  0  0  0 17  0  3 ]
>MA0059.1 MYC::MAX
A  [ 7 15  2  1 21  0  1  0  0  1  3 ]
C  [ 1  1  9 20  0 20  0  1  0  1  5 ]
G  [ 9  4  9  0  0  0 20  0 21 18  0 ]
T  [ 4  1  1  0  0  1  0 20  0  1 13 ]
>MA0060.1 NFYA
A  [ 34  16   7  58  51   0   2 112 116   0  14  66  13  39  36  25 ]
C  [ 37  33  51  14   4 116 113   0   0   1  65   6  20  43   9  35 ]
G  [ 27  26  25  41  56   0   1   1   0   0  33  42  73  22  47  29 ]
T  [ 18  41  33   3   5   0   0   3   0 115   4   2  10  12  24  27 ]
>MA0061.1 NF-kappaB
A  [ 0  0  1 25 19  7  1  2  2  0 ]
C  [ 0  0  0  0 13  1  2 17 35 36 ]
G  [38 38 37 13  1  3  2  0  0  0 ]
T  [ 0  0  0  0  5 27 33 19  1  2 ]
>MA0063.1 Nkx2-5
A  [ 7  0 17 17  0  4  2 ]
C  [ 0  4  0  0  0  2  1 ]
G  [ 1  0  0  0  7  0 11 ]
T  [ 9 13  0  0 10 11  3 ]
>MA0066.1 PPARG
A  [ 3  3 19  0  1  0  2 26  5  5  4  1  2 22  1  0  3 22  5  7 ]
C  [ 8  0  0  1  0  1 23  1 15  7  2  0  5  5 27 25 12  5 12  0 ]
G  [14  0  9 27 26  4  3  0  4 10 18  2 20  0  0  0  0  0  6  1 ]
T  [ 3 25  0  0  1 23  0  1  4  6  4 25  1  1  0  3 13  1  5 20 ]
>MA0067.1 Pax2
A  [10  7  3  0 26  2  2  1 ]
C  [ 7  1  2 28  1 17  0 11 ]
G  [ 5 21  0  1  3  1 19 11 ]
T  [ 9  2 26  2  1 11 10  8 ]
>MA0068.1 Pax4
A  [ 7 20 16 11 13 11  6  9  5  5  6  7  8  6 10  4  3  7  4  9  5  5  7  6  3  7  3  1  6  3 ]
C  [ 2  0  2  1  1  3  1  1  3 11 11  7  7  5  5  8  6  8  9  6  7  6 11  9 12  9 12 11 11 13 ]
G  [11  1  1  1  3  1  2  1  6  1  4  5  2  1  4  4  4  3  3  2  5  2  0  1  2  2  2  3  1  2 ]
T  [ 1  0  2  8  4  6 12 10  7  4  0  2  4  9  2  5  8  3  5  4  4  8  3  5  4  3  4  6  3  3 ]
>MA0069.1 Pax6
A  [ 2  2  4 39  3  1  1 21  1  2 36 11  1  1 ]
C  [ 4  2 26  2 34  0 37  2  4 14  0 11  5  0 ]
G  [ 4  0  1  1  1 41  4  2  1 25  6 13  3 17 ]
T  [33 39 12  1  5  1  1 18 37  2  1  8 34 25 ]
>MA0070.1 PBX1
A  [ 5  3 16  1  0 17 17  0  0 16 12  8 ]
C  [ 6  9  1  1 18  1  0  0 18  1  0  2 ]
G  [ 2  3  1  0  0  0  0  1  0  0  1  2 ]
T  [ 5  3  0 16  0  0  1 17  0  1  5  6 ]
>MA0071.1 RORA_1
A  [15  9  6 11 21  0  0  0  0 25 ]
C  [ 1  1 12  2  0  0  0  0 25  0 ]
G  [ 2  0  4  5  4 25 25  0  0  0 ]
T  [ 7 15  3  7  0  0  0 25  0  0 ]
>MA0072.1 RORA_2
A  [ 9 17 15 35 23  2  0 28  0  0  0  0 36 15 ]
C  [ 8  2  0  1  0 12  0  0  0  0  0 36  0  6 ]
G  [ 8  7  3  0  0 13  0  8 36 36  0  0  0 10 ]
T  [11 10 18  0 13  9 36  0  0  0 36  0  0  5 ]
>MA0073.1 RREB1
A  [ 3  1  3  0  7  9  8  4  0 11  4  1  3  4  2  4  4  4  1  4 ]
C  [ 8 10  8 11  4  2  3  6 11  0  7 10  8  6  9  5  5  6  7  4 ]
G  [ 0  0  0  0  0  0  0  0  0  0  0  0  0  1  0  0  1  0  3  2 ]
T  [ 0  0  0  0  0  0  0  1  0  0  0  0  0  0  0  2  1  1  0  1 ]
>MA0074.1 RXRA::VDR
A  [ 3  0  0  0  0  9  4  2  2  5  0  0  1  0  7 ]
C  [ 0  0  0  0  9  0  2  4  0  0  0  0  0  9  1 ]
G  [ 7 10  9  0  0  1  0  2  8  5 10  0  0  0  2 ]
T  [ 0  0  1 10  1  0  4  2  0  0  0 10  9  1  0 ]
>MA0075.1 Prrx2
A  [52 59  0  0 58 ]
C  [ 2  0  0  0  0 ]
G  [ 4  0  1  0  1 ]
T  [ 1  0 58 59  0 ]
>MA0076.1 ELK4
A  [16  0  0  0  0 20 16  4  1 ]
C  [ 1 20 20  0  0  0  0  1  6 ]
G  [ 2  0  0 20 20  0  0 15  0 ]
T  [ 1  0  0  0  0  0  4  0 13 ]
>MA0077.1 SOX9
A  [24 54 59  0 65 71  4 24  9 ]
C  [ 7  6  4 72  4  2  0  6  9 ]
G  [31  7  0  2  0  1  1 38 55 ]
T  [14  9 13  2  7  2 71  8  3 ]
>MA0078.1 Sox17
A  [ 7  8  3 30  0  0  0  0  0 ]
C  [ 9  8 18  0  1  0  0  0 17 ]
G  [ 6  4  1  0  0  0 31  2 10 ]
T  [ 9 11  9  1 30 31  0 29  4 ]
>MA0081.1 SPIB
A  [31  4 24  2  1 48 47 ]
C  [ 0 14 16  0  0  0  0 ]
G  [ 0 29  7 47 47  0  0 ]
T  [18  2  2  0  1  1  2 ]
>MA0083.1 SRF
A  [ 2  9  0  1 32  3 46  1 43 15  2  2 ]
C  [ 1 33 45 45  1  1  0  0  0  1  0  1 ]
G  [39  2  1  0  0  0  0  0  0  0 44 43 ]
T  [ 4  2  0  0 13 42  0 45  3 30  0  0 ]
>MA0084.1 SRY
A  [ 5  8 15 18 25  0 28 27  7 ]
C  [ 5  3  0  3  0 26  0  0  0 ]
G  [10  4  3  3  0  0  0  1  2 ]
T  [ 8 13 10  4  3  2  0  0 19 ]
>MA0087.1 Sox5
A  [ 8 21 22  0 23 22  0 ]
C  [ 4  0  0 22  0  1  0 ]
G  [ 3  1  1  0  0  0  0 ]
T  [ 8  1  0  1  0  0 23 ]
>MA0088.1 znf143
A  [ 0  6  2  0  2  1  0  0  9  0  4  6  0  0  0  4  3  2  1  3 ]
C  [ 3  2  3  3  1  7 10 10  1  1  4  2  0  1 10  5  1  3  1  6 ]
G  [ 4  1  1  2  0  0  0  0  0  4  2  2  1  6  0  0  1  0  7  1 ]
T  [ 3  1  4  5  7  2  0  0  0  5  0  0  9  3  0  1  5  5  1  0 ]
>MA0089.1 NFE2L1::MafG
A  [ 7 29  0  1 34  0 ]
C  [11  2  0  0  0 26 ]
G  [10  3  0 32  0  2 ]
T  [ 6  0 34  1  0  6 ]
>MA0090.1 TEAD1
A  [ 1  9  0 12  0  0  0  0  5  1  2  0 ]
C  [ 6  0 12  0  0  0 12 11  0  7  4  2 ]
G  [ 1  3  0  0  0  0  0  0  0  4  3  8 ]
T  [ 4  0  0  0 12 12  0  1  7  0  3  2 ]
>MA0091.1 TAL1::TCF3
A  [13  9 39 20  0 44  0 12  0  0  0  4 ]
C  [14 10  0 24 43  0  1 32  0  0  3  4 ]
G  [ 8 20  3  0  1  0 11  0  0 43 20  2 ]
T  [ 9  5  2  0  0  0 32  0 44  1 21 34 ]
>MA0092.1 Hand1::Tcfe2a
A  [ 4 10  2  0  0  0  0  9 16  5 ]
C  [ 8  0  2 28  0  0  3 14  0  4 ]
G  [10 15  1  0  0 29 25  1  3  4 ]
T  [ 7  4 24  1 29  0  1  5 10 16 ]
>MA0093.1 USF1
A  [ 0 30  0  1  0  0  9 ]
C  [30  0 28  0  1  0  2 ]
G  [ 0  0  0 29  1 30 14 ]
T  [ 0  0  2  0 28  0  5 ]
>MA0095.1 YY1
A  [ 6  0  0 17  0  3 ]
C  [ 1 16 17  0  0  8 ]
G  [ 7  0  0  0  0  3 ]
T  [ 3  1  0  0 17  3 ]
>MA0098.1 ETS1
A  [ 4 17  0  0  0  5 ]
C  [16  0  1 39 39  3 ]
G  [ 4  0  0  1  0 17 ]
T  [16 23 39  0  1 15 ]
>MA0100.1 Myb
A  [ 8 22  2 16  1  2  0  6 ]
C  [ 4  1 48 17  0  1  0  0 ]
G  [34 25  1 16 50  0  0 44 ]
T  [ 5  3  0  2  0 48 51  1 ]
>MA0101.1 REL
A  [ 0  0  1  5  6  5  1  2  0  1 ]
C  [ 5  1  0  1  5  1  0  0 15 16 ]
G  [ 8 15 15  9  3  1  0  0  0  0 ]
T  [ 4  1  1  2  3 10 16 15  2  0 ]
>MA0103.1 ZEB1
A  [ 1 38  0  0  0 10 ]
C  [34  0 40 38  1  1 ]
G  [ 1  2  1  3  0 16 ]
T  [ 5  1  0  0 40 14 ]
>MA0105.1 NFKB1
A  [ 0  0  0  2 11  5  0  0  0  0  1 ]
C  [ 0  0  0  0  1  0  5 13 17 18 15 ]
G  [18 18 18 16  6  2  2  0  0  0  1 ]
T  [ 0  0  0  0  0 11 11  5  1  0  1 ]
>MA0106.1 TP53
A  [ 5  3  4  5 13  0 17  0  0  0  0  0  1  1  4  1 15  2  1  1 ]
C  [ 8  7  0  0  0 17  0  0  0 11 16 16  0  0  0 14  0  0  1  2 ]
G  [ 2  6 13 12  4  0  0  0 17  0  0  0 15 14 13  2  0  0 14  1 ]
T  [ 2  1  0  0  0  0  0 17  0  6  1  1  1  2  0  0  2 15  1 13 ]
>MA0107.1 RELA
A  [ 0  0  0 11 10  2  0  0  0  0 ]
C  [ 4  0  0  0  3  0  0  2 18 18 ]
G  [11 17 18  7  4  0  0  0  0  0 ]
T  [ 3  1  0  0  1 16 18 16  0  0 ]
>MA0108.2 TBP
A  [ 61  16 352   3 354 268 360 222 155  56  83  82  82  68  77 ]
C  [145  46   0  10   0   0   3   2  44 135 147 127 118 107 101 ]
G  [152  18   2   2   5   0  20  44 157 150 128 128 128 139 140 ]
T  [ 31 309  35 374  30 121   6 121  33  48  31  52  61  75  71 ]
>MA0109.1 Hltf
A  [16 20 26  0 25  0 24  0 15 12 ]
C  [10 12 33 59  0  0  5  0 14 12 ]
G  [12  5  0  0  0  0 12 22 14 10 ]
T  [13 16  0  0 34 59 18 37  8 15 ]
>MA0111.1 Spz1
A  [ 9  0  2  0  1  8  6  1 10  0  2 ]
C  [ 0  2  0  0  0  0  0  9  0  1  8 ]
G  [ 3  9 10 11  1  0  2  2  2  9  2 ]
T  [ 0  1  0  1 10  4  4  0  0  2  0 ]
>MA0113.1 NR3C1
A  [3 4 3 7 6 1 8 2 3 5 1 0 1 2 0 1 4 3 ]
C  [2 0 0 0 1 6 0 0 2 3 3 0 0 4 8 2 0 1 ]
G  [4 5 6 1 1 2 1 2 0 0 0 8 0 0 1 1 4 2 ]
T  [0 0 0 1 1 0 0 5 4 1 5 1 8 3 0 5 1 3 ]
>MA0114.1 HNF4A
A  [28  2 12  5  3 59 53 56  4  6  3  4 42 ]
C  [ 7  2  4 23 51  1  2  1  4  2 22 49  7 ]
G  [27 56 35 20  4  3 10  8 58 33 11  5 10 ]
T  [ 5  7 16 19  9  4  2  2  1 26 31  9  8 ]
>MA0115.1 NR1H2::RXRA
A  [17 17 20  0  0  0  0 25 24 25  0  0  0  0 25 20  0 ]
C  [ 5  1  0  0  0  0 25  0  0  0  0  0  0 25  0  1 15 ]
G  [ 0  5  5 25 24  0  0  0  0  0 25 25  0  0  0  2  6 ]
T  [ 3  2  0  0  1 25  0  0  1  0  0  0 25  0  0  2  4 ]
>MA0116.1 Zfp423
A  [ 7  0 16 17  0  0  1 24 13  0  0  0  0  0 11 ]
C  [ 4 16 17 16 33 33 17  0  0  0  0  0  0  8 22 ]
G  [22 17  0  0  0  0  0  0 16 33 33 17 16 16  0 ]
T  [ 0  0  0  0  0  0 15  9  4  0  0 16 17  9  0 ]
>MA0117.1 Mafb
A  [ 0  1  0  1 12  3  3  2 ]
C  [ 0 12  3  0  2  8  1  5 ]
G  [15  1  1 12  0  1  7  5 ]
T  [ 0  1 11  2  1  3  4  3 ]
>MA0119.1 TLX1::NFIC
A  [ 0  0  0  0 14  2  2  7  4  0  0  0 16 14 ]
C  [ 0  0  0 16  1  8  8  1  3  0 16 16  0  0 ]
G  [ 0 16 16  0  0  5  4  5  2 16  0  0  0  1 ]
T  [16  0  0  0  1  1  2  3  7  0  0  0  0  1 ]
>MA0122.1 Nkx3-2
A  [ 4  1 13 24  0  0  6  4  9 ]
C  [ 7  4  1  0  0  0  0  6  7 ]
G  [ 4  5  7  0 24  0 18 12  5 ]
T  [ 9 14  3  0  0 24  0  2  3 ]
>MA0124.1 NKX3-1
A  [13  0 20  0  1  1 19 ]
C  [ 1  1  0 19  0  0  0 ]
G  [ 3  0  0  0  0  0  1 ]
T  [ 3 19  0  1 19 19  0 ]
>MA0125.1 Nobox
A  [ 0 36 38  1  2 15  4  2 ]
C  [ 1  0  0  1  0  0 12 13 ]
G  [ 0  0  0  2  4 22 18  6 ]
T  [37  2  0 34 32  1  4 17 ]
>MA0130.1 ZNF354C
A  [ 7  3  0  0 16  0 ]
C  [ 6  2 16 16  0 15 ]
G  [ 3  0  0  0  0  1 ]
T  [ 0 11  0  0  0  0 ]
>MA0131.1 MIZF
A  [ 2 13 20  2  0  0  0  0  0  2 ]
C  [ 6  1  0 17  0  1 19 18  0 13 ]
G  [ 5  0  0  1 19  0  0  2 19  1 ]
T  [ 7  6  0  0  1 19  1  0  1  4 ]
>MA0132.1 Pdx1
A  [ 1  0 31 31  0  1 ]
C  [19  0  0  0  0  1 ]
G  [ 5  0  0  0  1 10 ]
T  [ 6 31  0  0 30 19 ]
>MA0133.1 BRCA1
A  [15  4 41 36  7 19  3 ]
C  [11 35  1  2 29 14 22 ]
G  [10  2  1  4  6  7 15 ]
T  [ 7  2  0  1  1  3  3 ]
>MA0135.1 Lhx3
A  [ 9 16 19  0  0 19 20  2  0 16  9  2  2 ]
C  [ 0  2  0  0  0  0  0  2  1  1  0  8  9 ]
G  [ 3  2  0  0  0  0  0  0  0  0  3  0  3 ]
T  [ 8  0  1 20 20  1  0 16 19  3  8 10  6 ]
>MA0136.1 ELF5
A  [12 29  2 14  0  0  0  4  4 ]
C  [ 9  3 20  0  1 44 44  3  8 ]
G  [ 3  7  5  1  0  0  0 11 11 ]
T  [20  5 17 29 43  0  0 26 21 ]
>MA0139.1 CTCF
A  [ 87 167 281  56   8 744  40 107 851   5 333  54  12  56 104 372  82 117 402 ]
C  [291 145  49 800 903  13 528 433  11   0   3  12   0   8 733  13 482 322 181 ]
G  [ 76 414 449  21   0  65 334  48  32 903 566 504 890 775   5 507 307  73 266 ]
T  [459 187 134  36   2  91  11 324  18   3   9 341   8  71  67  17  37 396  59 ]
>MA0140.1 Tal1::Gata1
A  [ 400  261  131  265  669  701  664  713  734  996  527 1959    3 2928   16 2770 2382  547 ]
C  [1329  444  182  746  635  687  745  699  662  407 1172   31    7    7   26    6   51  550 ]
G  [ 618  520 1921 1228  775  903  938  891  862  940  901   37 2936    2   30   23  376 1601 ]
T  [ 595 1717  710  706  866  654  599  644  691  603  345  920    0   10 2873  144  134  242 ]
>MA0141.1 Esrrb
A  [1054  673  420  259  310 3326 3567   32   21  182    9 3458 ]
C  [ 800  829 1211 1250 2664   32    2    5   12   46 3376   20 ]
G  [ 985 1370 1209  448  627  248   60 3586 3602  244  170  129 ]
T  [ 793  767  805 1693   52   50   27   31   17 3175   85   27 ]
>MA0142.1 Pou5f1
A  [  63  579   11   47  118  415  206 1235   17   10   14 1050  887 1200  198 ]
C  [ 846   58   50   12  363   18  365   30    5   16 1029   16   68   33  119 ]
G  [  66   28   36   79  825   29  186   24   15 1239  129   30  315   75  207 ]
T  [ 389  701 1270 1231   63  907  612   80 1332  104  196  269   92   53  837 ]
>MA0143.1 Sox2
A  [ 27  20 327   2  14  38  85  64 408  26  27  32 426 366 485 ]
C  [444 453   7  10   1  83   4 194 124  39  77 422  41  67  60 ]
G  [ 89  22   4   7   6 529   9  77  38  26 444  84  36 157  61 ]
T  [107 174 331 650 648  19 570 333  96 575 117 127 161  74  58 ]
>MA0144.1 Stat3
A  [ 20  13  38   6 321   8   6 585 606 191 ]
C  [ 19  10 552 541  21   0   2  21   1  15 ]
G  [ 25 129   9   1 148 605 592   7   5 393 ]
T  [549 461  14  65 123   0  13   0   1  14 ]
>MA0145.1 Tcfcp2l1 
A  [   8  285 2425   24  717  402  711 1461 2583 1612   15  252 2187   49 ]
C  [3763 3289   21   97 1374 1182 1624  920  285  210 3815 3316   30  118 ]
G  [ 255   22 1125 3945  105  254  618 1032  781 1269  224   12 1247 3886 ]
T  [  40  477  508   13 1890 2248 1135  677  441  996   34  503  612   17 ]
>MA0146.1 Zfx
A  [ 50  60  91  72  10   6  30 191   9   0   1   0   0  84 ]
C  [177 170 151  49 297 362 125 154   2   3 480 480   2 122 ]
G  [179 172 199 298 144   2 182 121 469 477   0   0   0 219 ]
T  [ 70  75  37  60  30 111 144  15   1   1   0   1 479  56 ]
>MA0147.1 Myc
A  [ 67  34   8 217   0  19   9   0   0  45 ]
C  [ 96  53 219   4 212   2  44   2  17 107 ]
G  [ 36 130   0   5   3 204   0 216 183  24 ]
T  [ 28  10   0   1  12   2 174   9  27  51 ]
>MA0148.1 FOXA1
A  [ 13 108   1   5   6 476   6 291  45 378  90 ]
C  [  2   7   7   7   3  12 807 106 368   9 125 ]
G  [  2 770   5  24  78 368   5   5  69  24 466 ]
T  [875   8 882 860 809  40  79 495 414 482 211 ]
>MA0149.1 EWSR1-FLI1
A  [  0   2 104 104   1   2 103 102   0   0  99 105   0   0 100 102   5   3 ]
C  [  0   0   0   0   0   0   0   0   0   2   4   0   0   2   3   0   0   3 ]
G  [105 103   1   1 104 102   2   3 104 103   2   0 105 103   0   2  97  97 ]
T  [  0   0   0   0   0   1   0   0   1   0   0   0   0   0   2   1   3   2 ]
>MA0062.2 GABPA
A  [ 32  70   0   0 991 989  94  56 154 264 233 ]
C  [768 914   0   0   1   2  32 261 137 262 357 ]
G  [188   4 990 991   1   0 866  37 603 415 224 ]
T  [  1   1   1   0   0   2   0 637  96  49 176 ]
>MA0035.2 Gata1
A  [1423  708 2782    0 4000   27 3887 3550  799 1432 1487 ]
C  [ 560 1633   31    0    0   29    0    4  681  897  829 ]
G  [1242 1235   10 4000    0  109    6  383 2296 1360 1099 ]
T  [ 775  424 1177    0    0 3835  107   63  224  311  585 ]
>MA0039.2 Klf4
A  [1468   88   14   14  277   22   42  264  123  254 ]
C  [  81    9   13   36 1922   15   80   46  130 2858 ]
G  [1022 4237 4304 4281   11 4273 2179 3902 3789  280 ]
T  [1765    6   13   16 2139   34 2042  125  289  932 ]
>MA0138.2 REST
A  [ 211   58   76 1452   34  122 1575    3   35  913  219   39   20 1406   13 1574   42  205  366  213  179 ]
C  [ 174  269 1366   30   44  978    7 1586 1481  201  375    7    5  112 1280    9   13 1007   31  933 1114 ]
G  [ 366  146   50   94 1516  323   12   12   20  162  124 1551 1577   34  233    7 1530  183  688  319   37 ]
T  [ 840 1124  105   26   10  182   12    5   70  329  886    7    2   51   74   10    9  198  507  125  260 ]
>MA0002.2 RUNX1
A  [ 287  234  123   57    0   87    0   17   10  131  500 ]
C  [ 496  485 1072    0   75  127    0   42  400  463  158 ]
G  [ 696  467  149    7 1872   70 1987 1848  251   81  289 ]
T  [ 521  814  656 1936   53 1716   13   93 1339 1325 1053 ]
>MA0137.2 STAT1
A  [ 208  859  251   10    8  106   23  528  696   53 1900 2030  954  336  417 ]
C  [1076  496  574   22   14 1921 1900  762   31   30  124   17  263  760  804 ]
G  [ 415  279  144   11   38   14    7  115 1292 1700   29   23  552  270  425 ]
T  [ 378  446 1112 2038 2023   44  155  680   66  302   32   15  315  714  431 ]
>MA0104.2 Mycn
A  [153  39   7 414   0  31  24   0  27  61 ]
C  [159 170 431   0 421   1  97   0  49 265 ]
G  [ 63 196   0  18   8 405   2 411 324  40 ]
T  [ 63  33   0   6   9   1 315  27  38  72 ]
>MA0047.2 Foxa2
A  [  1 221   1   1   1 736   2 338  50 417 131 129 ]
C  [  1   3   1   3   1   4 725  77 265   6  53 195 ]
G  [  1 582   1  36 175  67   2   3  58  24 482 290 ]
T  [805   3 806 769 634   3  81 391 436 360 140 189 ]
>MA0112.2 ESR1
A  [122 107  64  83 134 308  36  19  33   4 398  58  63  64  32  21 305  10  59  26 ]
C  [120  80 173 229 232  28   8  18  41 394  13 250 276 258  19  22 106 436 353 165 ]
G  [154 164 149  65  47  89 387 420  91  53  27 107  53  97   8 426  31  12   2  22 ]
T  [ 71 117  82  93  57  48  43  18 310  24  37  60  83  56 416   6  33  17  61 262 ]
>MA0065.2 PPARG::RXRA
A  [ 94 101 390 100 139 145  71 819 522 713  82  41  22  54 676 ]
C  [317 166  23   3  15 129 547  21  48   5   2   9  99 555  58 ]
G  [320 127 368 671 674 395 179  15 270 137 767 693 263 144  47 ]
T  [126 464  79  87  34 193  66   8  23   9  12 120 479 109  81 ]
>MA0150.1 NFE2L2
A  [10  0  0 20  0  6  5 16  0  0 15 ]
C  [ 1  0  0  0 17  2 10  0  0 20  2 ]
G  [ 9  0 19  0  1  1  1  2 20  0  2 ]
T  [ 0 20  1  0  2 11  4  2  0  0  1 ]
>MA0151.1 ARID3A
A  [27  0  1 27 27 20 ]
C  [ 0  0  9  0  0  0 ]
G  [ 0  0  0  0  0  1 ]
T  [ 0 27 17  0  0  6 ]
>MA0152.1 NFATC2
A  [ 3  1  1  0  1  0 18 ]
C  [ 1  2  1  0 25 26  3 ]
G  [ 2  2  0  0  0  0  1 ]
T  [20 21 24 26  0  0  4 ]
>MA0153.1 HNF1B
A  [0 0 8 7 0 5 3 0 0 8 9 0 ]
C  [3 3 1 1 0 0 0 0 0 0 0 8 ]
G  [0 0 0 1 0 4 1 1 0 1 0 0 ]
T  [6 6 0 0 9 0 5 8 9 0 0 1 ]
>MA0154.1 EBF1
A  [11  0  1  2 11 16  0  2  0 21 ]
C  [ 9 22 16 20  9  1  0  0  0  0 ]
G  [ 2  0  1  0  0  5 25 23 25  4 ]
T  [ 3  3  7  3  5  3  0  0  0  0 ]
>MA0155.1 INSM1
A  [ 1  0  0  6 16  0  0  0  0  0  3 10 ]
C  [ 0  0  8 15  0  0  1  0  0  2 16  0 ]
G  [ 4 20  3  0  0 24 23 24 24 16  0 12 ]
T  [19  4 13  3  8  0  0  0  0  6  5  2 ]
>MA0156.1 FEV
A  [ 2  9  0  0 13 12  7  0 ]
C  [ 9  3  0  0  0  0  0  0 ]
G  [ 1  1 13 13  0  0  6  0 ]
T  [ 1  0  0  0  0  1  0 13 ]
>MA0157.1 FOXO3
A  [ 0  1  3 13 12 13  0 12 ]
C  [ 0  2  0  0  1  0 12  0 ]
G  [ 5 10  1  0  0  0  0  0 ]
T  [ 8  0  9  0  0  0  1  1 ]
>MA0158.1 HOXA5
A  [ 2  7  0  6 14 14  0  0 ]
C  [13  0  7  0  0  0  0  1 ]
G  [ 0  5  5  1  0  2  0  6 ]
T  [ 0  4  4  9  2  0 16  9 ]
>MA0159.1 RXR::RAR_DR5
A  [12  0  1  0  0 22  4  5  5 13  5 17  1  0  2  1 21 ]
C  [ 0  0  0  0 18  0  7  8  4  1  6  3  1  1  1 17  0 ]
G  [11 23 13  1  3  1  5  9 11  7 12  3 20 16  3  3  1 ]
T  [ 0  0  9 22  2  0  7  1  3  2  0  0  1  6 17  2  1 ]
>MA0160.1 NR4A2
A  [ 8 13  0  3  2  0 14  3 ]
C  [ 1  0  0  0  2 13  0  8 ]
G  [ 3  1 13 11  0  0  0  2 ]
T  [ 1  0  1  0 10  1  0  0 ]
>MA0161.1 NFIC
A  [ 358   81   81   91 1226 3298 ]
C  [1832   67   67   88 5364  981 ]
G  [ 176  300 6713 6643  160 1186 ]
T  [4546 6464   51   90  162 1447 ]
>MA0162.1 Egr1
A  [ 3  2  0  0  0  3  1  0  2  0  1 ]
C  [ 4  1 13  0  0  0  0  0 10  0  0 ]
G  [ 1 12  0 15  3 12 14 15  0 15  7 ]
T  [ 7  0  2  0 12  0  0  0  3  0  7 ]
>MA0163.1 PLAG1
A  [ 0  3  0  0  0  0  4 12 11  2  0  0  0  2 ]
C  [ 0  0  0  0 14 15 10  0  5  0  0  0  0  0 ]
G  [18 14 18 17  4  1  1  0  2 14 18 18 16 16 ]
T  [ 0  1  0  1  0  2  3  6  0  2  0  0  2  0 ]
>MA0164.1 Nr2e3
A  [ 4 23 23  0  0  0  0 ]
C  [12  0  0  1 23  0  0 ]
G  [ 2  0  0 22  0  0  0 ]
T  [ 5  0  0  0  0 23 23 ]
>MA0080.2 SPI1
A  [33  4  4 42 41  5  3 ]
C  [ 3  0  0  0  0  3  5 ]
G  [ 6 37 38  0  1 33  2 ]
T  [ 0  1  0  0  0  1 32 ]
>MA0018.2 CREB1
A  [ 0  0 11  0  1  0  2  8 ]
C  [ 1  1  0  9  0  3  7  0 ]
G  [ 1 10  0  2 10  0  1  1 ]
T  [ 9  0  0  0  0  8  1  2 ]
>MA0099.2 AP1
A  [ 0  0 16  5  3  0 16 ]
C  [ 1  0  2 12  0 15  0 ]
G  [ 0 15  0  1  1  3  1 ]
T  [17  3  0  0 14  0  1 ]
>MA0079.2 SP1
A  [ 0  0  0  4  2  0  1  0  6  3 ]
C  [32 30 35 27  5 28 31 24 25 26 ]
G  [ 1  1  0  0 15  1  0  3  0  3 ]
T  [ 2  4  0  4 13  6  3  8  4  3 ]
>MA0102.2 CEBPA
A  [ 3  1  4  2  4  2 18 18  0 ]
C  [ 0  1  1  9  2 15  0  0  6 ]
G  [ 0  4  6  2 10  0  0  0  2 ]
T  [15 12  7  5  2  1  0  0 10 ]
>MA0258.1 ESR2
A  [ 78 158 186  27  18  13   0 337  49  64  52  21  63 178  34  46  27  60 ]
C  [161  51  15   0  20  19 357   1 123  63  61  33  25  99 268 289  90  94 ]
G  [ 63  41 154 275 319  33   0   0 113 149 147  24 265  19   2   0   0 136 ]
T  [ 55 107   2  55   0 292   0  19  72  81  97 279   4  61  53  22 240  67 ]
>MA0259.1 HIF1A::ARNT
A  [ 27  10  78   0   0   0   0  18 ]
C  [ 28  29   2 103   0   0   0  51 ]
G  [ 49  34  23   0 104   0 104  20 ]
T  [  0  31   1   1   0 104   0  15 ]
>MA0442.1 SOX10
A  [ 0  8  0  0  0  0 ]
C  [19  2  1  0  3  0 ]
G  [ 0  2  4  0 19  1 ]
T  [ 3 10 17 22  0 21 ]
